21 100
0 9.678058 8.783232 123.27943500352322
1 3.856785 7.552887 655.7421278386737
2 5.211237 0.705939 308.025263076869
3 8.113335 8.540294 210.82724639200038
4 9.511738 9.679494 568.5798496565858
5 4.870880 6.783090 387.5789382738333
6 8.960002 0.052835 636.7799744406699
7 9.616327 3.510358 520.3163329979673
8 7.555826 2.702259 564.3089095271705
9 6.073907 2.167755 590.092442419035
10 5.928658 4.857400 325.3065667014473
11 7.753167 5.325773 145.45307741853222
12 3.601688 7.027576 395.6413172149781
13 1.948231 5.213372 272.8385408837587
14 8.783333 9.673828 145.25329802068325
15 9.444022 8.461391 214.56148065617407
16 8.457060 3.300807 471.8170649099893
17 6.014278 3.668297 401.074106052651
18 4.006746 4.127613 631.5281900239434
19 2.208591 3.518484 392.3625602651152
20 0.301575 2.767109 171.05225078934268
1 7.132305 9.917902 6.287260886068707 134.0
2 6.277468 4.688131 5.122137391719632 88.0
3 2.620161 2.351374 10.879782958200373 52.0
4 6.855886 8.548819 9.71622871762257 119.0
5 7.208774 4.609052 13.354339787707797 20.0
6 3.874592 0.810462 13.52750779142917 81.0
7 1.636628 5.822823 13.43675750287943 129.0
8 6.023834 0.419961 10.89232588146514 88.0
9 5.496651 5.467856 7.943980825853673 85.0
10 8.881352 3.953711 6.3998329881192575 51.0
11 8.768663 4.895631 7.121252628169744 77.0
12 7.622007 2.775410 10.237156672685128 93.0
13 9.023244 9.830598 8.403107099021446 55.0
14 6.293894 2.830352 5.560865403485382 63.0
15 6.910069 6.595469 14.800186432867207 46.0
16 5.597461 4.042375 9.25025843575224 75.0
17 6.513370 1.874929 9.281149489245376 65.0
18 8.730506 9.133531 6.180802002957159 37.0
19 4.226303 5.586391 9.397902093121647 83.0
20 7.682350 1.435078 10.49706263139399 65.0
21 0.195444 1.556942 8.96482799208259 146.0
22 2.245540 1.832072 14.595889066775104 126.0
23 7.379765 8.269374 8.365315596018839 103.0
24 2.252033 2.876416 14.087865165479224 115.0
25 3.737230 1.133385 11.896639597999261 118.0
26 6.830127 2.505893 6.689790636869719 90.0
27 6.029016 4.452134 8.17129701460374 62.0
28 5.281302 5.052260 8.315045257225316 84.0
29 4.282733 1.575196 7.717049667541696 43.0
30 7.882612 1.192802 11.129844906515212 77.0
31 8.170665 3.480073 9.462204106794703 81.0
32 5.235177 4.684035 10.647038792498975 82.0
33 5.355003 3.965683 5.157812556718668 56.0
34 3.817566 9.581306 6.046466535447747 116.0
35 9.552074 1.499916 13.734242291406165 83.0
36 1.016384 9.747518 11.976489247140904 80.0
37 3.056858 3.261924 10.466826799406963 87.0
38 1.579589 0.436623 8.346547368989572 116.0
39 1.531298 3.831623 12.747934019172039 88.0
40 3.313039 5.268527 6.831441225179687 31.0
41 4.965008 0.143166 14.270515162743724 96.0
42 7.774420 0.994024 5.200935078963392 86.0
43 4.595301 3.055722 10.06802267909008 85.0
44 6.046284 8.878034 14.160019295801543 116.0
45 4.630919 3.928897 10.239876339469264 88.0
46 0.070836 2.801584 14.52771909903179 139.0
47 7.408970 5.306013 8.089480774354513 56.0
48 7.485619 2.763972 9.268113252979315 70.0
49 9.271695 1.303185 12.32688746865023 111.0
50 2.345278 8.823769 11.198760878950534 128.0
51 2.803101 3.361662 11.934413147189211 53.0
52 8.571287 5.859959 9.512797419197735 88.0
53 6.623586 0.150876 9.104477379273284 106.0
54 6.296582 8.154884 10.511057580436194 57.0
55 3.982499 9.609621 9.400411383153768 63.0
56 3.423411 8.947507 5.0303191402553935 64.0
57 9.752788 1.197831 14.386591227503358 65.0
58 9.941531 4.348089 9.446513649564277 122.0
59 4.253554 5.987816 12.67245488607292 102.0
60 3.226122 8.884472 6.15634593046715 84.0
61 9.916712 3.296958 6.35584151743018 67.0
62 1.686056 7.325682 14.333941310331241 82.0
63 8.602971 9.171675 9.830945984226506 129.0
64 0.089655 7.874666 7.5815546592892655 80.0
65 0.474860 2.434933 13.48117037052189 84.0
66 6.698435 3.277961 6.6687142818952285 39.0
67 5.796596 5.269722 12.896801794005349 66.0
68 9.137920 2.420182 9.450040819697367 79.0
69 5.420598 5.434502 14.982609366247878 43.0
70 0.575066 9.403097 14.979519662364698 165.0
71 5.044124 3.998477 13.352047441005322 35.0
72 8.350604 4.796911 10.313836129922219 86.0
73 5.196308 8.292135 7.704189018741415 110.0
74 9.145000 9.449862 11.627685644635921 86.0
75 4.279951 2.371122 9.069543184207426 100.0
76 8.334334 4.196663 14.863867051032166 55.0
77 5.668080 0.020390 13.38961186841238 54.0
78 1.522345 4.271051 5.139679662249908 63.0
79 9.192065 1.612000 5.23487478708078 104.0
80 2.145717 9.666925 12.721434956872645 112.0
81 4.046933 8.844152 9.592148565901079 32.0
82 2.944886 9.843529 7.147080690550735 51.0
83 4.113873 2.082806 6.135488858456501 82.0
84 2.263711 9.534471 7.9009543723943745 140.0
85 7.517308 2.838777 12.148253833438247 79.0
86 8.937568 2.561432 8.678648067073924 109.0
87 6.837254 7.288171 14.60577743602975 104.0
88 7.358343 2.033562 8.685965293871048 30.0
89 5.580306 6.503343 6.780320889857363 31.0
90 1.483424 9.860256 13.968622579164474 73.0
91 8.874465 9.817758 12.952697646976532 35.0
92 4.056919 4.542545 5.618991384434083 72.0
93 9.838148 5.579265 9.94909903921836 103.0
94 8.813596 9.030213 8.568610167880145 74.0
95 7.191265 0.959313 11.02212021776187 101.0
96 8.697138 1.238198 14.61991638574327 105.0
97 9.803464 1.642024 7.267170702747783 78.0
98 1.081727 3.917338 8.954121390973748 44.0
99 3.724830 3.345438 7.301479506112715 30.0
100 3.451809 1.242139 9.334459523841057 52.0
